.	CP003081.1	CP019224.1	CP029334.1	CP084591.1	CP079866.1	LT703509.1	CP065270.1	CP079874.1	CP084597.1	CP022224.1	CP016643.1	CP040252.1	CP122996.1	CP065048.1	AP025526.1	CP085946.1	CP079872.1	AP022566.1	CP079867.1	CP079871.1	CP065277.1	CP063323.1	CP076858.1	CP103314.1	AP020329.1	CP015597.1	CP079879.1	CP084595.1	CP080335.1	CP065282.1	AP023336.1	CP012887.2	CP122998.1	AP023363.1	CP003054.1	JQ657806.1	CP020812.1	CP029333.1	CP040253.1	AP022580.1	AP023365.1	AP024252.1	AP024267.1	CP015271.1	CP034180.1	CP085920.1	AP022607.1	CP079878.1	CP084593.1	CP015270.1	AP018497.1	AP022622.1	CP015273.1	CP065285.1	CP084587.1	LT703506.1	CP063329.1	CP015276.1	CP089217.1	CP076859.1	CP020811.1	CP022225.1	CP079875.1	CP003079.1	AP024261.1	CP032156.1	CP059001.1	CP079864.1	CP009406.2	CP036221.2	CP015268.1	AP022585.1	CP076857.1	EU271968.1	AP020328.1	CP023153.1	CP045967.1	HG917973.1	CP065271.1	AP025528.1	CP084590.1	AP022611.1	CP092363.2	CP012886.2	CP103313.1	LT703507.1	CP118918.1	AP026368.1	CP079876.1	CP065049.1	CP040251.1	CP009405.2	BX649209.1	CP081676.1	CP015279.1	CP040245.1	AP023364.1	CP045968.1	CP059000.1	AP025525.1	AP023335.1	AP024256.1	CP081675.1	AP022623.1	CP084594.1	CP076860.1	CP092428.2	CP084588.1	CP122999.1	CP122995.1	CP023148.1	CP015277.1	CP122997.1	AP022592.1	CP092982.1	CP025550.1	CP016642.1	CP065281.1	AP020327.1	CP045966.1	CP040248.1	CP002386.1	CP092425.2	CP003080.1	CP023152.1	CP084589.1	CP063325.1	CP045327.1	CP016641.1	CP040254.1	CP015275.1	CP070974.1	AP022602.1	CP084596.1	CP043475.1	LT703508.1	CP025547.1	CP020813.1	CP079877.1	CP076861.1	CP000895.1	CP025548.1	CP045965.1	AP025527.1	AP017625.1	CP079870.1	CP040249.1	CP081674.1	CP015269.1	CP065184.1	CP003055.1	CP079873.1	CP103312.1	CP092366.2	CP080334.1	CP065286.1	AP024246.1	CP045964.1	CP023150.1	CP015274.1	CP083743.1	CP097321.1	CP063326.1	CP063322.1	AP022571.1	CP040246.1	AP012556.1	CP089219.1	CP019223.1	CP059002.1	CP015280.1	CP079868.1	CP036222.2	CP083742.1	CP019222.1	CP063321.1	CP002387.1	CP004376.1	CU458745.1	AP024242.1	CP085201.1	CP012888.2	CP081005.1	CP113530.1	JQ657805.1	AP023334.1	CP092424.2	AP024249.1	CP004375.1	CP092426.2	CP045326.1	LT703510.1	CP025549.1	AP024263.1	CP020810.1	CP006836.1
CP003081.1	0	1	1	0.35328	1	1	1	1	1	1	1	1	0.372583	1	1	1	1	1	1	1	1	1	1	1	1	0.223483	1	1	1	1	1	1	1	0.405585	1	0.372583	1	1	1	1	1	1	1	1	1	1	1	1	1	1	1	1	1	1	0.405585	0.405585	1	1	1	1	1	1	1	1	1	1	1	1	0.35328	1	1	1	1	1	1	1	1	1	1	0.405585	1	1	1	1	1	1	1	1	1	1	1	1	1	1	1	1	1	1	1	1	1	1	1	1	1	0.405585	1	1	1	1	1	1	1	1	1	0.405585	1	1	1	1	1	1	1	0.339586	1	1	1	1	1	1	1	0.405585	1	1	1	1	1	0.35328	1	1	1	1	1	1	1	1	1	1	0.35328	1	1	0.405585	1	0.372583	0.405585	1	1	1	1	1	1	0.339586	1	1	0.405585	1	1	1	1	1	1	1	0.35328	1	1	1	1	1	1	1	1	1	1	1	1	0.405585	1	1	1	0.35328	0.328965	1	1	1	1	1
CP019224.1	1	0	0.35328	1	0.372583	0.183134	0.372583	1	1	1	1	0.328965	1	0.372583	1	0.372583	0.405585	1	0.405585	1	1	1	0.328965	0.405585	1	0.372583	1	1	0.405585	0.405585	1	1	1	1	0.405585	1	0.372583	0.0120069	0.405585	0.405585	1	1	0.372583	1	1	0.405585	1	1	2.1443e-05	1	0.207842	0.405585	5.24675e-05	1	1	1	0.405585	0.372583	1	0.202933	1	1	1	1	0.372583	0.339586	1	1	0.405585	0.328965	0.202933	1	0.228939	0.283502	1	0.000412435	0.372583	0.198488	0.405585	0.372583	0.372583	1	0.328965	0.405585	1	5.48565e-05	0.35328	0.279978	1	1	0.328965	0.339586	0.276697	0.35328	0.199098	0.405585	1	1	0.192791	0.0794837	1	1	1	0.405585	0.183134	0.328965	0.405585	0.000574504	0.405585	1	0.405585	1	0.405585	0.405585	0.199098	0.372583	1	0.372583	1	1	1	0.339586	0.372583	1	0.300994	1	1	1	0.405585	1	1	0.312952	1	0.372583	0.372583	0.372583	0.312952	1	1	1	0.405585	1	0.183134	1	0.273629	0.405585	0.405585	0.372583	1	0.372583	1	1	0.273629	1	1	1	0.372583	5.00789e-05	1	0.183134	1	1	0.372583	0.405585	0.339586	1	0.204284	1	0.183134	0.328965	0.00413285	1	0.405585	0.276697	1	1	0.372583	0.405585	0.405585	0.372583	0.276697	1	0.339586	0.276697	0.0421592	1	0.372583	0.372583	1	1	1	1	0.35328	0.372583	0.372583	0.0115313
CP029334.1	1	0.35328	0	1	0.283502	1	0.26803	1	1	1	0.320287	0.0382824	1	1	1	1	1	1	1	1	1	0.35328	0.0719629	0.372583	1	1	1	0.339586	0.372583	0.405585	0.283502	0.199716	0.35328	0.35328	1	1	1	0.372583	0.405585	0.320287	0.295981	0.372583	1	1	0.320287	0.258493	0.372583	1	0.35328	1	0.372583	1	0.35328	1	1	1	0.405585	0.320287	1	0.405585	1	1	1	1	1	1	0.372583	1	0.405585	0.0341584	0.405585	0.35328	1	1	1	0.35328	0.320287	0.372583	0.405585	1	0.320287	1	0.405585	0.405585	0.328965	0.35328	1	1	1	0.372583	0.0404888	1	0.405585	0.35328	0.405585	0.405585	0.306598	1	0.405585	0.372583	0.295981	1	1	0.283502	1	0.339586	1	0.35328	0.339586	1	0.283502	1	1	1	0.372583	1	0.405585	0.26803	1	0.339586	0.35328	1	0.35328	1	1	1	0.270747	1	1	0.405585	0.339586	1	1	0.320287	0.295981	0.320287	0.372583	1	1	0.328965	0.258493	1	1	0.279978	0.405585	1	0.405585	1	1	0.405585	1	0.339586	0.405585	1	1	1	1	0.35328	0.372583	1	1	1	0.405585	0.287309	1	0.372583	0.405585	1	1	0.0722716	0.35328	1	0.405585	1	0.339586	1	0.328965	1	0.258493	1	0.405585	1	1	1	0.35328	0.35328	0.405585	1	0.295981	0.405585	1	0.339586	0.273629	1	1	0.35328
CP084591.1	0.35328	1	1	0	1	0.154928	0.287309	1	0.273629	0.291447	1	0.405585	1	0.405585	0.291447	0.405585	1	1	1	1	1	1	1	0.35328	0.273629	1	1	0.233808	0.372583	1	1	0.339586	0.405585	1	1	1	1	1	0.287309	1	1	0.263022	0.405585	0.276697	1	1	1	1	1	0.291447	1	1	1	1	1	1	1	0.339586	1	1	1	0.273629	1	1	0.405585	1	0.263022	1	0.120788	0.270747	1	0.312952	1	0.405585	0.291447	1	0.339586	1	1	0.328965	0.339586	1	1	1	1	1	1	0.405585	1	0.256381	0.405585	1	0.405585	0.312952	1	0.287309	1	0.276697	1	1	1	1	1	0.339586	0.154928	1	1	1	0.405585	1	0.328965	0.273629	1	1	1	0.320287	0.372583	0.287309	1	0.233808	0.260703	1	0.339586	1	0.339586	0.184014	0.405585	1	1	0.26803	0.233808	1	1	0.339586	0.372583	0.339586	1	1	1	0.25242	1	1	0.154928	0.405585	0.405585	1	0.287309	1	1	1	1	1	0.372583	1	0.306598	1	0.405585	1	0.263022	0.154928	1	0.372583	1	0.405585	1	0.263022	1	1	0.154928	1	1	1	0.120788	0.405585	0.233808	1	1	1	1	0.405585	0.405585	0.276697	1	0.372583	1	1	1	0.405585	0.372583	0.00437209	1	0.233808	0.295981	0.405585	1	1
CP079866.1	1	0.372583	0.283502	1	0	1	0.199716	0.256381	1	1	0.273629	0.295981	1	0.306598	0.295981	0.300994	0.320287	1	1	0.239237	0.35328	0.26546	0.26803	0.223483	1	0.197292	1	0.320287	0.300994	1	0.295981	0.312952	0.256381	1	0.26803	1	1	0.405585	0.35328	0.312952	0.328965	0.405585	0.300994	1	0.195553	0.194429	1	1	0.372583	1	1	1	0.372583	1	1	1	0.405585	0.320287	0.306598	1	0.35328	1	1	1	0.300994	1	0.405585	1	0.405585	0.291447	1	0.35328	1	1	1	0.372583	0.320287	1	1	0.405585	0.320287	1	1	1	0.300994	0.372583	1	1	1	0.320287	0.291447	1	1	1	1	0.35328	0.339586	1	1	0.405585	0.295981	1	1	0.306598	1	1	1	0.372583	0.270747	1	0.320287	1	1	1	1	0.405585	0.291447	0.199716	1	0.320287	1	1	0.320287	1	1	1	0.248764	1	1	0.405585	0.320287	1	1	0.320287	0.328965	0.320287	1	1	1	1	0.195553	1	1	0.291447	1	0.219531	0.35328	1	1	1	1	0.295981	1	0.372583	0.320287	1	0.300994	0.372583	0.405585	1	1	1	1	0.279978	1	0.405585	1	0.306598	1	0.26803	0.405585	0.209345	0.405585	1	0.320287	0.35328	0.291447	1	0.194429	0.300994	1	1	0.405585	1	0.372583	1	1	0.300994	0.372583	1	1	0.320287	0.339586	0.300994	0.295981	0.405585
LT703509.1	1	0.183134	1	0.154928	1	0	0.405585	1	0.248764	0.0930221	0.35328	0.372583	1	0.405585	0.372583	0.405585	1	1	1	1	1	0.35328	1	0.320287	0.247037	1	1	0.35328	1	1	0.35328	0.306598	0.35328	1	1	1	1	1	0.339586	1	0.35328	0.239237	0.405585	0.248764	1	1	1	1	0.183134	0.0947993	1	1	0.183134	1	1	1	1	0.258493	1	1	1	0.248764	1	1	0.405585	1	0.239237	1	1	0.405585	1	0.247037	1	0.405585	0.0970374	1	0.258493	1	1	0.372583	0.258493	1	0.405585	1	1	0.183134	1	0.405585	1	0.207842	0.372583	1	0.405585	0.35328	1	0.339586	0.405585	0.247037	1	1	0.405585	1	1	0.405585	1.90591e-05	1	1	1	0.339586	1	1	0.247037	1	1	1	0.35328	0.372583	0.405585	1	0.35328	0.291447	1	0.256381	1	1	0.200976	1	1	1	0.242205	0.35328	1	1	0.258493	1	0.258493	1	0.405585	1	0.215885	1	1	9.52667e-06	0.320287	0.405585	1	0.339586	1	1	1	1	1	0.405585	1	1	1	0.405585	0.183134	0.239237	4.76906e-05	1	1	1	1	1	0.239237	1	1	2.1443e-05	1	1	1	1	0.405585	0.35328	1	0.405585	1	1	0.405585	0.405585	0.248764	1	1	1	1	1	0.405585	1	0.35328	1	0.35328	0.339586	0.405585	1	1
CP065270.1	1	0.372583	0.26803	0.287309	0.199716	0.405585	0	0.245371	0.328965	0.320287	0.232543	0.291447	1	0.405585	0.273629	0.405585	1	1	1	0.215885	1	0.25242	0.320287	0.201619	0.328965	1	1	0.256381	0.160465	1	0.339586	0.291447	0.25242	1	0.295981	1	1	0.405585	0.287309	0.405585	0.35328	1	0.405585	0.328965	0.216771	0.098599	1	1	0.372583	0.320287	1	1	0.372583	1	1	1	0.372583	0.312952	1	1	0.35328	0.328965	1	1	0.405585	1	1	1	0.405585	0.287309	1	0.405585	1	1	0.328965	0.372583	0.312952	1	1	1	0.312952	1	1	1	0.300994	0.372583	1	1	1	0.372583	0.287309	0.405585	1	0.405585	1	0.287309	0.35328	0.328965	1	0.372583	0.312952	1	1	0.133864	0.405585	1	0.405585	0.372583	0.23011	1	0.339586	0.328965	1	1	1	1	0.231311	9.07348e-05	1	0.256381	0.372583	1	0.300994	1	1	0.328965	0.25242	1	1	1	0.256381	1	1	0.312952	1	0.312952	1	1	1	0.372583	0.0983347	1	0.405585	0.287309	1	1	0.287309	0.405585	1	1	1	0.236445	1	0.35328	0.260703	1	0.405585	0.372583	1	0.405585	1	1	1	0.140776	0.405585	1	1	1	0.405585	0.320287	0.372583	1	0.405585	1	0.256381	1	0.306598	1	0.0981375	0.405585	1	0.328965	1	0.339586	0.320287	1	1	0.405585	0.186761	0.328965	1	0.256381	0.372583	0.405585	0.35328	0.405585
CP079874.1	1	1	1	1	0.256381	1	0.245371	0	1	1	1	1	1	1	1	1	1	1	0.328965	0.276697	1	1	1	1	1	1	1	1	1	1	1	1	1	1	0.405585	1	1	1	1	1	1	1	1	1	1	1	1	1	1	1	1	1	1	0.372583	1	1	1	1	1	1	0.35328	1	1	1	1	1	1	1	1	1	0.405585	1	1	1	1	1	1	1	1	1	1	0.405585	1	1	1	1	0.328965	1	1	1	1	1	1	1	0.405585	1	1	1	1	0.405585	1	1	1	1	1	1	1	1	1	1	1	1	1	1	1	1	0.22559	0.245371	1	1	1	1	1	1	1	1	1	1	0.35328	1	1	1	0.306598	1	1	1	1	1	1	1	1	1	1	1	1	0.328965	1	1	1	1	1	1	1	1	1	1	1	1	1	1	1	1	1	1	1	1	1	1	1	1	1	1	1	1	1	1	1	1	1	1	1	1	0.339586	1	0.372583	1	1	1	1	1	1	1	1	1	0.300994	1
CP084597.1	1	1	1	0.273629	1	0.248764	0.328965	1	0	0.23782	0.35328	0.405585	1	1	0.295981	1	1	1	1	1	1	0.35328	0.320287	0.405585	0.000162735	1	1	0.372583	1	1	0.35328	0.250557	1	1	1	0.405585	1	1	0.320287	0.35328	1	0.184461	1	0.00301467	1	1	1	1	1	0.23782	1	1	1	1	1	1	1	0.168636	1	0.287309	1	0.000124294	1	0.405585	1	0.405585	0.184461	1	0.372583	0.372583	1	0.235108	0.339586	1	0.23782	1	0.168636	1	1	1	0.168956	1	1	1	1	1	1	1	1	0.210114	0.405585	1	1	1	1	0.320287	0.405585	0.000129094	0.405585	1	0.339586	1	1	0.405585	0.247037	1	1	1	0.287309	1	0.372583	0.000136297	1	1	1	1	0.300994	0.328965	1	0.372583	0.197292	0.405585	0.168318	1	0.320287	0.00105035	0.300994	1	1	0.18918	0.372583	1	1	0.168636	1	0.168636	0.35328	1	1	0.0223484	1	1	0.248764	0.273629	1	1	0.320287	1	1	1	1	1	1	1	1	1	1	1	0.184461	0.247037	1	1	1	1	1	0.184461	0.287309	1	0.247037	0.320287	1	1	0.372583	1	0.372583	1	0.372583	1	1	1	1	0.00212127	1	1	1	1	1	1	1	0.372583	1	0.372583	0.273629	1	1	1
CP022224.1	1	1	1	0.291447	1	0.0930221	0.320287	1	0.23782	0	0.328965	0.328965	1	1	0.328965	1	1	1	1	0.405585	1	0.328965	0.372583	0.35328	0.23782	1	1	0.339586	0.405585	1	1	0.156373	1	1	1	1	1	1	0.339586	0.405585	1	0.231311	1	0.23782	1	1	0.405585	1	1	0.00567165	1	1	1	1	1	1	0.405585	0.26803	1	0.35328	1	0.23782	1	1	1	1	0.231311	1	0.405585	0.328965	0.190183	0.194988	0.372583	0.405585	0.00695266	1	0.26803	1	1	1	0.26803	1	1	0.250557	0.405585	1	1	1	1	0.250557	0.328965	1	0.405585	1	1	0.339586	1	0.23782	1	1	1	1	1	0.35328	0.0930221	1	1	1	0.339586	1	0.372583	0.23782	1	1	1	1	0.35328	0.320287	1	0.339586	0.291447	1	0.263022	1	0.372583	0.231311	0.372583	1	1	0.232543	0.339586	1	1	0.26803	0.35328	0.26803	0.405585	1	1	0.22559	1	1	0.0930221	0.295981	1	1	0.339586	1	0.35328	1	0.405585	1	1	1	0.35328	1	1	1	0.231311	0.0930801	1	1	1	0.405585	1	0.231311	0.35328	1	0.0930221	0.372583	1	1	0.405585	0.405585	0.339586	1	0.35328	1	1	1	1	0.14515	1	0.372583	1	1	1	1	0.405585	0.372583	1	0.339586	0.300994	1	1	1
CP016643.1	1	1	0.320287	1	0.273629	0.35328	0.232543	1	0.35328	0.328965	0	0.320287	1	0.320287	0.276697	0.320287	1	0.405585	1	1	0.35328	0.0115358	0.320287	0.26546	0.35328	1	1	0.247037	0.210897	1	0.339586	0.320287	0.147304	0.405585	1	1	0.405585	1	0.283502	0.339586	1	0.300994	0.320287	0.35328	0.372583	0.22559	1	1	1	0.328965	1	1	1	1	1	1	1	0.372583	0.35328	1	1	0.35328	1	1	0.320287	1	0.300994	1	0.35328	0.320287	1	0.405585	1	0.405585	0.328965	1	0.372583	1	1	1	0.372583	1	1	1	0.279978	1	1	1	1	0.372583	0.339586	0.405585	1	0.339586	1	0.287309	0.328965	0.35328	1	0.372583	0.306598	1	1	0.258493	0.35328	1	1	1	0.256381	1	0.320287	0.35328	1	1	1	1	0.227796	0.232543	1	0.247037	0.287309	1	0.35328	1	1	0.35328	0.209345	1	0.152169	0.300994	0.247037	1	0.405585	0.372583	0.35328	0.372583	1	0.372583	1	0.35328	0.22559	1	0.35328	0.306598	1	1	0.283502	1	1	1	1	0.165549	1	0.372583	0.279978	1	0.320287	1	0.300994	0.35328	1	1	1	0.22668	0.320287	0.300994	1	0.35328	0.35328	0.320287	1	1	0.35328	0.405585	0.247037	0.35328	0.35328	1	0.22559	0.320287	1	0.35328	1	1	1	0.405585	1	0.320287	0.312952	1	1	0.247037	0.328965	0.320287	1	1
CP040252.1	1	0.328965	0.0382824	0.405585	0.295981	0.372583	0.291447	1	0.405585	0.328965	0.320287	0	1	1	1	1	1	1	1	0.26546	1	0.35328	0.0878016	0.372583	0.405585	0.405585	0.235108	0.35328	0.372583	0.405585	0.22668	0.216771	0.35328	0.312952	1	0.405585	0.35328	0.295981	0.0942581	0.339586	0.228939	0.35328	1	0.405585	0.405585	0.276697	0.372583	1	0.328965	0.339586	1	0.35328	0.328965	1	1	1	0.405585	0.328965	1	0.405585	0.372583	0.405585	1	1	1	1	0.35328	1	0.339586	0.0281347	1	0.312952	0.35328	0.372583	0.320287	0.328965	0.328965	1	0.405585	1	0.328965	1	0.405585	0.35328	0.276697	0.328965	1	0.372583	1	0.312952	0.00600313	1	1	0.328965	1	0.0957173	0.236445	0.405585	0.405585	0.372583	0.233808	1	0.339586	0.295981	0.372583	0.339586	1	0.328965	0.339586	0.295981	0.273629	0.405585	1	1	1	1	0.405585	0.291447	1	0.35328	0.372583	1	0.35328	1	0.405585	0.405585	0.273629	0.405585	1	0.101765	0.35328	1	1	0.328965	0.300994	0.328965	0.372583	0.339586	1	1	0.276697	1	0.372583	0.312952	1	0.320287	0.0947388	1	0.405585	0.405585	0.372583	0.35328	0.405585	1	0.372583	1	1	0.328965	0.35328	0.372583	1	1	0.405585	0.287309	1	0.35328	0.405585	1	0.372583	0.0878016	0.328965	0.175137	0.339586	0.372583	0.35328	1	0.372583	0.339586	0.276697	1	0.405585	0.405585	1	1	0.328965	0.306598	1	1	0.405585	0.339586	1	0.35328	0.300994	1	1	0.339586
CP122996.1	0.372583	1	1	1	1	1	1	1	1	1	1	1	0	1	1	1	1	0.405585	1	1	1	1	1	1	1	0.372583	1	1	1	1	1	1	1	0.405585	0.405585	1	1	1	1	1	1	1	1	1	1	1	0.405585	1	1	1	1	1	1	1	0.372583	0.372583	1	1	1	1	1	1	1	1	1	0.35328	1	1	1	1	1	1	1	1	1	1	1	1	1	1	1	1	1	1	1	1	1	1	1	1	1	1	1	1	1	1	1	1	1	1	1	1	0.216771	0.35328	1	0.35328	1	1	1	1	1	1	0.128799	1	1	1	1	1	0.405585	1	1	0.276697	1	1	1	1	1	1	1	1	1	0.372583	1	1	1	1	1	0.405585	1	1	1	0.405585	1	1	1	1	1	0.35328	1	1	1	1	1	1	1	1	1	1	1	1	1	0.405585	1	1	0.405585	1	1	1	1	1	1	0.300994	1	1	1	1	1	1	1	1	1	1	0.405585	1	1	0.405585	1	1	0.22559	1	1	1	1	1	0.23011	1
CP065048.1	1	0.372583	1	0.405585	0.306598	0.405585	0.405585	1	1	1	0.320287	1	1	0	0.186292	0.00552952	1	1	1	1	1	0.339586	0.405585	0.339586	1	1	1	1	1	1	0.320287	1	1	1	0.405585	1	1	0.372583	0.212502	0.372583	0.320287	0.405585	0.00687816	1	0.235108	0.23011	1	1	0.372583	1	0.405585	1	0.372583	1	1	1	1	1	1	0.372583	1	1	1	1	0.00552623	1	0.405585	1	0.312952	1	0.372583	0.372583	0.372583	0.339586	1	0.372583	1	0.405585	0.35328	1	1	1	1	1	1	0.372583	1	0.306598	1	0.0767988	1	1	0.339586	0.372583	0.372583	0.212502	0.372583	1	0.372583	0.372583	0.372583	1	0.405585	0.35328	0.405585	1	1	0.372583	0.320287	1	0.320287	1	1	1	0.405585	1	0.220489	0.405585	1	1	0.405585	1	1	1	1	1	1	0.372583	1	0.405585	1	0.372583	0.405585	1	0.218593	1	1	1	1	1	0.23011	1	0.405585	1	0.372583	1	0.212502	0.35328	1	0.405585	0.405585	0.372583	0.339586	1	0.405585	1	0.00552623	0.372583	0.405585	0.405585	1	1	0.405585	0.339586	0.171602	0.405585	0.372583	1	0.405585	0.405585	0.372583	1	0.312952	0.339586	1	1	0.372583	1	0.23011	0.00548677	0.339586	1	0.405585	1	0.372583	1	0.276697	0.00552623	0.405585	1	1	1	0.372583	0.00552623	0.405585	0.372583
AP025526.1	1	1	1	0.291447	0.295981	0.372583	0.273629	1	0.295981	0.328965	0.276697	1	1	0.186292	0	0.179364	0.35328	0.372583	1	1	1	0.287309	1	0.254359	0.295981	0.328965	1	0.26546	0.279978	1	0.405585	0.300994	0.300994	1	0.339586	1	0.372583	1	0.0776207	0.405585	0.405585	0.276697	0.181421	0.295981	0.273629	0.248764	1	1	1	0.328965	1	1	1	1	1	1	1	0.287309	0.35328	0.328965	1	0.295981	1	1	0.179364	1	0.276697	1	0.320287	0.0969736	1	0.320287	0.339586	1	0.339586	1	0.287309	1	1	1	0.287309	1	1	1	0.291447	1	1	1	1	0.339586	1	0.186292	1	0.405585	1	0.0783795	0.339586	0.295981	0.372583	0.201619	0.339586	1	1	0.26803	0.372583	0.35328	0.312952	1	0.223483	1	1	0.295981	1	1	1	1	0.235108	0.273629	0.328965	0.26546	0.312952	0.306598	0.287309	1	0.339586	0.295981	0.279978	1	0.291447	0.276697	0.26546	1	1	0.287309	0.245371	0.287309	0.222464	0.35328	1	0.295981	0.247037	1	0.372583	0.202271	1	1	0.0782587	1	1	1	0.339586	0.312952	1	0.328965	0.273629	1	0.178964	1	0.276697	0.372583	1	1	1	0.306598	0.405585	0.276697	0.300994	0.35328	0.372583	1	1	0.312952	0.320287	1	0.26546	1	0.405585	1	0.247037	0.179364	1	0.295981	1	0.405585	1	1	1	0.178964	0.306598	0.291447	1	0.26546	0.161547	0.179364	1	1
CP085946.1	1	0.372583	1	0.405585	0.300994	0.405585	0.405585	1	1	1	0.320287	1	1	0.00552952	0.179364	0	1	1	1	1	1	0.339586	0.405585	0.312952	1	1	1	1	1	1	0.320287	1	1	1	0.405585	1	1	0.372583	0.208588	0.372583	0.320287	0.405585	0.00147774	1	0.232543	0.22668	1	1	0.372583	1	0.405585	1	0.372583	1	1	1	1	1	1	0.372583	1	1	1	1	5.72459e-05	1	0.405585	1	0.306598	1	0.372583	0.372583	0.372583	0.339586	1	0.372583	1	0.405585	0.35328	1	1	1	1	1	1	0.372583	1	0.295981	1	0.372583	1	1	0.339586	0.35328	0.372583	0.209345	0.372583	1	0.372583	0.372583	0.372583	1	0.405585	0.35328	0.405585	1	1	0.372583	0.320287	1	0.320287	1	1	1	0.405585	1	0.216771	0.405585	1	1	0.405585	1	1	1	1	1	1	0.372583	1	0.405585	1	0.405585	0.405585	1	0.213325	1	1	1	1	1	0.22668	1	0.405585	1	0.372583	1	0.209345	0.35328	1	0.405585	0.405585	0.372583	0.339586	1	0.405585	1	5.00789e-05	0.372583	0.405585	0.405585	1	1	0.405585	0.339586	0.170592	0.405585	0.372583	1	0.405585	0.405585	0.372583	1	0.306598	0.339586	1	1	0.372583	1	0.22668	8.83404e-05	0.339586	1	0.405585	1	0.372583	1	0.276697	4.29151e-05	0.405585	1	1	1	0.372583	4.29151e-05	0.405585	0.372583
CP079872.1	1	0.405585	1	1	0.320287	1	1	1	1	1	1	1	1	1	0.35328	1	0	1	0.405585	1	1	1	1	1	1	0.405585	1	1	1	1	1	1	1	1	0.405585	1	1	0.405585	1	1	1	1	1	1	1	1	1	1	0.405585	1	1	1	0.405585	0.405585	1	1	1	1	1	0.405585	1	1	0.35328	1	1	1	1	1	1	1	0.405585	1	0.405585	1	1	0.405585	1	1	1	1	1	1	0.372583	1	1	0.405585	0.339586	1	1	1	1	0.372583	1	0.405585	0.405585	1	1	1	0.405585	0.405585	1	1	0.405585	1	1	1	0.372583	0.405585	1	0.328965	1	1	1	0.405585	1	1	1	1	1	1	1	0.405585	1	1	0.372583	1	1	0.405585	0.35328	1	1	1	0.372583	1	1	1	1	1	1	1	1	1	1	1	1	0.405585	1	1	1	1	1	1	1	1	1	1	1	0.405585	1	1	1	1	1	1	1	1	0.405585	1	1	1	0.405585	1	1	1	1	1	1	1	1	1	1	1	0.232543	0.372583	0.405585	1	0.405585	1	0.372583	1	1	1	1	1	0.22668	0.405585
AP022566.1	1	1	1	1	1	1	1	1	1	1	0.405585	1	0.405585	1	0.372583	1	1	0	0.372583	1	1	0.405585	1	1	1	0.339586	1	1	1	1	1	1	1	0.328965	0.405585	1	0.405585	1	1	1	1	1	1	1	1	1	0.405585	1	1	1	1	1	1	1	0.339586	0.339586	1	1	1	1	1	1	1	1	1	1	1	1	1	1	1	1	1	1	1	1	1	1	1	1	1	1	1	1	1	1	1	1	1	1	1	0.372583	1	1	1	1	1	1	1	0.405585	1	1	1	1	1	0.372583	0.328965	1	1	1	1	1	1	1	1	1	1	1	1	1	1	0.35328	1	0.405585	0.372583	1	1	1	0.35328	1	1	1	1	1	1	1	1	0.372583	1	1	1	1	1	1	1	0.372583	1	1	0.405585	1	1	1	1	1	1	1	1	1	1	1	1	1	1	1	1	1	1	1	1	1	1	0.291447	1	1	1	1	1	1	1	1	1	1	1	1	1	0.328965	1	1	1	1	0.405585	1	1	1	1	1
CP079867.1	1	0.405585	1	1	1	1	1	0.328965	1	1	1	1	1	1	1	1	0.405585	0.372583	0	0.372583	1	1	1	1	1	1	1	1	1	1	1	1	1	1	0.372583	1	0.300994	0.405585	1	1	1	1	1	1	1	1	1	1	0.405585	1	1	1	0.405585	1	1	1	1	1	1	1	0.372583	1	0.0766828	1	1	1	1	1	1	1	1	1	1	1	1	0.405585	1	1	1	1	1	1	0.405585	1	1	0.405585	0.0758424	1	1	1	1	0.405585	1	1	1	1	1	1	1	1	1	1	1	1	1	1	1	0.405585	1	1	1	1	0.372583	1	1	1	1	1	1	1	1	0.405585	1	1	1	1	1	0.405585	0.136	1	1	1	1	1	1	1	1	1	1	1	1	0.405585	1	1	1	0.0151554	1	1	1	1	1	1	1	1	1	1	1	0.405585	1	1	1	1	1	1	0.405585	1	1	1	1	1	0.405585	1	1	1	1	1	1	1	1	1	1	1	0.372583	1	0.405585	1	1	1	0.202271	1	0.372583	1	1	1	0.339586	0.405585
CP079871.1	1	1	1	1	0.239237	1	0.215885	0.276697	1	0.405585	1	0.26546	1	1	1	1	1	1	0.372583	0	1	1	1	1	1	1	0.154457	1	1	1	0.276697	1	1	0.320287	0.339586	1	1	1	0.276697	1	0.273629	1	1	1	1	1	1	1	1	0.405585	1	1	1	1	0.260703	0.240698	1	1	1	1	0.35328	1	1	0.405585	1	0.328965	1	1	1	0.223483	1	1	1	1	0.405585	1	1	1	1	1	1	1	1	0.405585	0.105342	1	1	1	1	1	0.270747	1	1	1	1	0.276697	0.254359	1	0.276697	0.405585	0.256381	1	1	1	1	0.300994	1	1	1	0.279978	1	1	1	1	1	1	0.320287	0.215885	1	1	1	1	1	1	1	1	1	1	1	1	1	1	1	1	1	1	1	1	1	1	1	1	1	1	1	0.200342	0.276697	0.405585	1	1	0.276697	1	1	1	0.35328	1	1	1	1	1	1	0.372583	1	1	1	1	1	1	1	1	1	1	1	1	1	1	1	1	1	1	1	1	0.276697	1	0.35328	0.312952	1	1	1	1	0.405585	1	1	1	0.273629	1
CP065277.1	1	1	1	1	0.35328	1	1	1	1	1	0.35328	1	1	1	1	1	1	1	1	1	0	0.35328	0.339586	0.328965	1	1	1	1	0.35328	0.175878	1	1	0.35328	1	1	1	1	1	1	0.339586	1	0.35328	1	1	1	1	0.405585	1	1	1	1	1	1	0.291447	1	1	0.300994	0.405585	1	1	1	1	1	1	1	1	0.35328	1	1	1	1	0.405585	1	1	1	1	0.405585	1	0.186292	1	0.405585	1	1	1	0.405585	1	1	1	1	0.339586	1	1	1	0.405585	1	1	1	1	1	1	1	1	1	1	1	1	1	1	1	1	1	1	1	1	1	1	1	1	1	1	0.35328	1	0.405585	1	1	1	0.339586	1	1	0.35328	1	1	1	0.405585	1	0.405585	1	1	1	1	1	1	1	1	1	1	1	1	1	0.186292	1	1	1	1	1	1	1	1	0.35328	1	1	1	0.186292	1	1	0.35328	1	1	1	0.339586	1	1	1	1	1	0	1	1	1	1	1	1	1	1	1	1	1	1	1	1	1	1	0.35328	1	1	1
CP063323.1	1	1	0.35328	1	0.26546	0.35328	0.25242	1	0.35328	0.328965	0.0115358	0.35328	1	0.339586	0.287309	0.339586	1	0.405585	1	1	0.35328	0	0.35328	0.232543	0.35328	1	1	0.258493	0.223483	1	0.405585	0.320287	0.154457	1	1	1	1	1	0.283502	0.35328	1	0.300994	0.339586	0.35328	0.372583	0.242205	1	1	1	0.328965	1	1	1	1	1	1	1	0.405585	0.306598	1	1	0.35328	1	1	0.339586	1	0.300994	1	0.372583	0.35328	1	0.372583	1	1	0.328965	1	0.405585	1	1	1	0.405585	1	1	1	0.312952	1	1	1	1	0.372583	0.35328	0.372583	1	0.339586	1	0.283502	0.300994	0.35328	1	1	0.300994	1	1	0.279978	0.35328	1	1	1	0.26546	1	0.312952	0.35328	1	1	1	1	0.221466	0.25242	1	0.258493	0.287309	1	0.372583	1	1	0.35328	0.22668	1	1	0.300994	0.258493	1	1	0.405585	0.35328	0.405585	1	1	1	0.35328	0.240698	1	0.35328	0.312952	1	1	0.283502	1	1	1	1	0.165549	1	0.372583	0.279978	1	0.339586	1	0.300994	0.35328	1	1	1	0.22668	0.320287	0.300994	1	0.306598	0.35328	0.35328	1	1	0.372583	1	0.258493	0.35328	0.35328	1	0.240698	0.339586	1	0.35328	1	1	1	1	1	0.339586	0.35328	1	1	0.258493	0.328965	0.339586	1	1
CP076858.1	1	0.328965	0.0719629	1	0.26803	1	0.320287	1	0.320287	0.372583	0.320287	0.0878016	1	0.405585	1	0.405585	1	1	1	1	0.339586	0.35328	0	0.312952	0.320287	1	1	0.312952	1	0.405585	0.291447	0.204974	0.339586	0.35328	1	1	1	0.35328	1	0.306598	1	0.405585	0.405585	0.328965	0.312952	0.312952	0.372583	1	0.328965	0.372583	1	1	0.328965	1	1	1	0.405585	0.372583	1	1	1	0.320287	1	1	0.405585	1	0.405585	1	0.339586	0.075131	1	0.372583	1	1	0.372583	0.328965	0.372583	1	0.405585	0.405585	0.372583	1	1	1	0.372583	0.328965	1	1	1	0.279978	0.087955	1	0.405585	0.295981	1	1	0.35328	0.320287	1	0.35328	0.283502	1	1	0.339586	1	1	1	0.328965	0.372583	1	0.273629	0.320287	1	1	1	0.405585	1	0.320287	1	0.312952	0.405585	1	0.372583	1	1	0.320287	0.300994	1	1	0.405585	0.312952	1	1	0.372583	0.339586	0.372583	0.35328	1	1	0.339586	0.312952	1	1	0.263022	0.405585	1	1	1	1	0.405585	1	1	0.405585	1	1	1	0.405585	0.328965	0.405585	1	1	1	0.405585	0.339586	1	0.405585	1	1	1	0.000107506	0.328965	1	0.339586	1	0.312952	0.339586	1	1	0.312952	0.405585	0.405585	0.320287	1	1	0.35328	0.35328	1	0.405585	1	0.339586	1	0.312952	0.273629	0.405585	1	0.35328
CP103314.1	1	0.405585	0.372583	0.35328	0.223483	0.320287	0.201619	1	0.405585	0.35328	0.26546	0.372583	1	0.339586	0.254359	0.312952	1	1	1	1	0.328965	0.232543	0.312952	0	0.405585	1	1	0.224525	0.260703	1	0.306598	0.35328	0.287309	1	0.405585	1	1	0.405585	0.240698	0.273629	0.306598	0.405585	0.312952	0.405585	0.312952	0.210114	1	1	0.405585	0.35328	1	1	0.405585	1	1	1	0.372583	0.295981	0.312952	1	1	0.405585	1	1	0.312952	1	0.405585	1	0.35328	0.372583	1	0.312952	1	1	0.35328	0.405585	0.295981	1	1	0.320287	0.295981	1	1	1	0.287309	0.405585	1	1	1	0.300994	0.372583	1	1	0.405585	1	0.242205	0.306598	0.405585	1	0.405585	0.312952	1	1	0.242205	0.320287	1	1	0.405585	0.202271	1	0.295981	0.405585	1	1	1	0.320287	0.236445	0.202271	1	0.224525	0.35328	1	0.295981	1	1	0.405585	0.213325	1	1	0.405585	0.224525	1	1	0.295981	0.339586	0.295981	1	1	1	0.405585	0.210114	1	0.320287	0.35328	1	1	0.242205	1	1	1	1	0.258493	1	0.372583	0.142187	1	0.312952	0.405585	0.405585	0.320287	1	1	1	0.273629	1	0.405585	1	0.312952	0.320287	0.312952	0.405585	0.35328	0.35328	1	0.224525	0.328965	0.291447	1	0.210114	0.312952	1	0.405585	1	1	0.405585	1	1	0.312952	0.306598	1	1	0.224525	0.35328	0.312952	1	0.405585
AP020329.1	1	1	1	0.273629	1	0.247037	0.328965	1	0.000162735	0.23782	0.35328	0.405585	1	1	0.295981	1	1	1	1	1	1	0.35328	0.320287	0.405585	0	1	1	0.372583	1	1	0.35328	0.250557	1	1	1	0.405585	1	1	0.320287	0.35328	1	0.184461	1	0.00310061	1	1	1	1	1	0.23782	1	1	1	1	1	1	1	0.168636	1	0.287309	1	0.000206092	1	0.405585	1	0.405585	0.184461	1	0.372583	0.372583	1	0.235108	0.339586	1	0.23782	1	0.168636	1	1	1	0.168956	1	1	1	1	1	1	1	1	0.210114	0.405585	1	1	1	1	0.320287	0.405585	0.000210916	0.405585	1	0.339586	1	1	0.405585	0.247037	1	1	1	0.287309	1	0.372583	0.000218156	1	1	1	1	0.300994	0.328965	1	0.372583	0.197292	0.405585	0.168318	1	0.320287	0.00107832	0.300994	1	1	0.18918	0.372583	1	1	0.168636	1	0.168636	0.35328	1	1	0.0224204	1	1	0.247037	0.273629	1	1	0.320287	1	1	1	1	1	1	1	1	1	1	1	0.184461	0.247037	1	1	1	1	1	0.184461	0.287309	1	0.247037	0.320287	1	1	0.372583	1	0.372583	1	0.372583	1	1	1	1	0.00215383	1	1	1	1	1	1	1	0.372583	1	0.372583	0.273629	1	1	1
CP015597.1	0.223483	0.372583	1	1	0.197292	1	1	1	1	1	1	0.405585	0.372583	1	0.328965	1	0.405585	0.339586	1	1	1	1	1	1	1	0	1	1	1	1	1	1	1	1	0.328965	0.405585	1	0.372583	0.320287	1	1	1	1	1	1	1	0.405585	1	0.372583	1	1	1	0.372583	1	1	1	1	1	1	1	1	1	1	1	1	1	1	1	1	1	1	1	1	1	1	0.372583	1	1	1	1	1	1	0.372583	1	1	0.372583	1	1	1	1	0.405585	0.328965	1	1	1	0.320287	1	1	1	0.405585	1	1	1	1	1	1	0.339586	0.372583	1	1	0.405585	1	0.372583	0.372583	1	1	1	1	0.405585	1	1	0.339586	1	0.405585	1	1	1	0.405585	0.372583	1	1	1	0.372583	1	1	1	1	0.328965	1	1	1	0.339586	1	1	1	0.295981	0.320287	1	0.35328	1	1	1	1	1	1	1	1	0.372583	1	1	1	0.35328	1	1	1	1	1	1	1	1	0.372583	0.295981	1	1	1	1	1	1	1	1	1	1	1	1	0.405585	1	1	1	1	1	1	1	1	1	1	0.372583
CP079879.1	1	1	1	1	1	1	1	1	1	1	1	0.235108	1	1	1	1	1	1	1	0.154457	1	1	1	1	1	1	0	1	1	1	0.231311	1	1	0.35328	1	1	1	1	0.260703	1	0.228939	1	1	1	1	1	1	1	1	1	1	1	1	1	1	1	1	1	1	1	1	1	1	1	1	1	1	1	1	1	1	1	1	1	1	1	1	1	1	1	1	1	1	1	0.258493	1	1	1	1	1	0.23782	1	1	1	1	0.263022	0.224525	1	1	1	0.231311	1	1	1	1	1	1	1	1	0.320287	1	1	1	1	1	1	1	1	1	1	1	1	1	1	1	1	1	1	1	1	1	1	1	1	1	1	1	1	1	1	1	1	1	0.372583	1	0.184912	0.263022	1	1	1	0.312952	1	1	1	0.35328	1	1	1	1	1	1	1	1	1	1	1	1	1	1	1	1	1	1	1	1	1	1	1	1	1	1	1	1	1	1	0.328965	1	1	1	1	1	1	1	1	1	1
CP084595.1	1	1	0.339586	0.233808	0.320287	0.35328	0.256381	1	0.372583	0.339586	0.247037	0.35328	1	1	0.26546	1	1	1	1	1	1	0.258493	0.312952	0.224525	0.372583	1	1	0	0.260703	1	0.328965	0.279978	0.250557	1	1	1	1	1	0.258493	0.372583	0.405585	0.35328	1	0.372583	1	0.312952	1	1	1	0.339586	1	1	1	1	1	1	1	0.35328	0.279978	0.372583	1	0.372583	1	1	1	1	0.35328	1	0.198488	0.339586	1	0.372583	0.372583	1	0.339586	1	0.35328	1	1	1	0.35328	1	1	1	0.295981	1	1	1	1	0.405585	0.35328	0.35328	1	0.372583	1	0.258493	0.339586	0.372583	0.405585	1	0.306598	1	1	0.263022	0.35328	1	1	1	0.231311	1	0.248764	0.372583	1	1	1	1	0.183572	0.256381	1	2.85972e-05	0.279978	1	0.320287	1	0.372583	0.372583	0.213325	1	1	0.372583	0.000162735	1	1	0.35328	0.320287	0.35328	1	1	1	0.372583	0.312952	1	0.35328	0.320287	1	1	0.258493	1	1	1	1	0.256381	1	1	0.232543	1	1	1	0.35328	0.35328	1	1	1	0.295981	1	0.35328	0.372583	0.279978	0.35328	0.312952	1	1	0.198488	1	2.38274e-05	1	0.287309	1	0.312952	1	1	0.372583	1	0.405585	1	1	1	1	0.312952	0.372583	1	0.000242312	0.287309	1	1	1
CP080335.1	1	0.405585	0.372583	0.372583	0.300994	1	0.160465	1	1	0.405585	0.210897	0.372583	1	1	0.279978	1	1	1	1	1	0.35328	0.223483	1	0.260703	1	1	1	0.260703	0	1	0.405585	0.405585	0.216771	1	0.372583	1	1	1	0.291447	1	0.405585	0.306598	1	1	0.372583	0.184912	1	1	0.405585	0.405585	1	1	0.405585	1	1	1	1	0.405585	1	1	1	1	1	1	1	1	0.306598	1	0.339586	0.372583	1	0.312952	1	1	0.405585	0.405585	0.405585	1	1	1	0.405585	1	1	1	0.283502	0.405585	1	1	1	1	1	0.405585	1	0.339586	1	0.291447	0.339586	1	0.405585	1	0.339586	1	1	0.17663	1	1	0.372583	0.405585	0.245371	1	0.295981	1	1	1	1	1	0.258493	0.160465	1	0.260703	0.295981	1	0.35328	1	1	1	0.263022	1	1	0.306598	0.263022	1	1	0.405585	1	0.405585	1	1	1	1	0.184912	0.339586	1	0.35328	1	1	0.291447	1	1	1	1	0.242205	1	0.339586	0.279978	1	1	0.405585	0.306598	1	1	1	1	0.175137	1	0.306598	1	1	1	1	0.405585	1	0.339586	1	0.260703	0.35328	1	1	0.184912	1	1	1	1	1	1	1	1	1	0.231311	0.328965	1	0.260703	0.35328	1	1	1
CP065282.1	1	0.405585	0.405585	1	1	1	1	1	1	1	1	0.405585	1	1	1	1	1	1	1	1	0.175878	1	0.405585	1	1	1	1	1	1	0	1	1	0.405585	1	1	1	1	1	1	1	1	1	1	1	1	1	1	1	0.405585	1	1	1	0.405585	1	1	1	0.219531	1	1	1	1	1	1	1	1	1	1	1	1	1	1	1	1	1	1	0.405585	1	1	0.0457105	1	1	1	1	1	1	0.405585	1	1	1	1	0.405585	1	1	1	1	1	1	1	1	1	1	1	0.328965	0.405585	1	1	1	0.405585	1	1	0.328965	1	1	1	1	1	1	1	1	1	1	1	1	1	1	1	1	1	1	1	1	1	1	1	1	1	1	1	1	1	1	1	1	1	1	1	1	1	1	0.0178133	1	1	1	1	1	1	1	0.405585	1	1	1	1	0.0178133	0.372583	1	1	1	1	1	0.405585	1	1	1	1	1	0.175878	0.405585	1	1	1	1	1	1	1	1	1	1	1	1	1	1	1	0.372583	1	1	1
AP023336.1	1	1	0.283502	1	0.295981	0.35328	0.339586	1	0.35328	1	0.339586	0.22668	1	0.320287	0.405585	0.320287	1	1	1	0.276697	1	0.405585	0.291447	0.306598	0.35328	1	0.231311	0.328965	0.405585	1	0	0.405585	0.35328	0.218593	1	1	0.306598	1	0.260703	1	0.00220007	1	0.320287	0.35328	1	0.405585	1	1	1	1	1	0.165549	1	1	1	1	1	0.372583	0.35328	1	0.328965	0.35328	1	1	0.320287	1	1	1	1	0.295981	1	1	1	1	1	1	0.372583	1	1	0.372583	0.372583	1	1	1	0.295981	1	1	1	1	0.339586	0.23011	1	1	0.320287	1	0.260703	0.100916	0.35328	1	1	0.0959033	1	0.164662	0.35328	0.35328	1	1	1	0.35328	0.295981	0.35328	0.35328	1	1	1	0.372583	0.287309	0.339586	1	0.328965	1	1	0.372583	1	1	0.35328	1	1	1	1	0.328965	1	1	0.372583	1	0.372583	1	0.328965	1	1	0.405585	1	0.35328	0.306598	1	0.320287	0.260703	1	1	1	0.35328	0.372583	1	1	0.312952	1	0.320287	1	1	0.35328	1	1	1	0.35328	1	1	1	0.35328	0.35328	0.291447	1	1	1	1	0.328965	1	0.291447	0.165549	0.405585	0.320287	1	0.35328	1	1	1	0.218593	1	0.320287	0.372583	1	1	0.328965	1	0.320287	1	1
CP012887.2	1	1	0.199716	0.339586	0.312952	0.306598	0.291447	1	0.250557	0.156373	0.320287	0.216771	1	1	0.300994	1	1	1	1	1	1	0.320287	0.204974	0.35328	0.250557	1	1	0.279978	0.405585	1	0.405585	0	1	1	1	1	1	1	0.372583	0.291447	1	0.26546	1	0.25242	1	0.320287	1	1	1	0.15863	1	1	1	1	1	1	1	0.270747	1	1	1	0.250557	1	0.405585	1	1	0.26546	1	0.372583	0.206387	1	0.300994	1	0.372583	0.161547	1	0.270747	1	1	0.306598	0.270747	1	1	0.25242	1	1	1	0.405585	1	0.270747	0.215016	1	0.339586	0.291447	1	0.372583	1	0.250557	1	1	0.405585	1	1	0.306598	0.306598	1	1	1	0.320287	1	0.250557	0.250557	1	1	1	0.300994	0.339586	0.291447	1	0.279978	0.320287	1	0.270747	1	1	0.250557	0.35328	1	1	0.26803	0.279978	1	1	0.270747	0.306598	0.270747	1	1	1	0.236445	0.320287	1	0.306598	0.23011	0.328965	1	0.372583	1	1	1	1	1	0.328965	1	0.405585	1	1	1	0.26546	0.306598	1	1	1	0.328965	1	0.26546	1	1	0.306598	0.204974	1	1	0.372583	0.339586	0.279978	1	0.372583	1	0.320287	1	0.328965	0.139576	1	1	1	1	1	1	0.35328	0.295981	1	0.279978	0.239237	1	0.405585	1
CP122998.1	1	1	0.35328	0.405585	0.256381	0.35328	0.25242	1	1	1	0.147304	0.35328	1	1	0.300994	1	1	1	1	1	0.35328	0.154457	0.339586	0.287309	1	1	1	0.250557	0.216771	0.405585	0.35328	1	0	1	1	1	1	1	0.320287	0.405585	1	0.300994	1	1	0.242205	0.212502	1	1	1	1	1	1	1	1	1	1	1	0.35328	0.372583	1	1	1	1	1	1	1	0.300994	1	0.339586	0.35328	1	1	1	1	1	1	0.35328	1	1	1	0.35328	1	1	1	0.26546	1	1	1	1	1	0.35328	0.405585	1	0.328965	1	0.320287	0.328965	1	1	1	0.312952	1	1	0.276697	0.35328	1	1	1	0.287309	1	0.312952	1	1	1	1	1	0.227796	0.25242	1	0.247037	0.295981	1	0.35328	1	1	1	0.209345	1	1	0.312952	0.247037	1	1	0.35328	1	0.35328	1	1	1	1	0.209345	1	0.35328	0.339586	1	1	0.320287	1	1	0.405585	1	0.160198	1	1	0.283502	1	1	1	0.300994	0.35328	1	1	0.405585	0.202933	1	0.300994	1	0.372583	0.35328	0.339586	1	1	0.339586	1	0.247037	0.35328	0.405585	1	0.211692	1	1	1	0.405585	1	1	1	1	1	0.320287	1	1	0.247037	1	1	1	1
AP023363.1	0.405585	1	0.35328	1	1	1	1	1	1	1	0.405585	0.312952	0.405585	1	1	1	1	0.328965	1	0.320287	1	1	0.35328	1	1	1	0.35328	1	1	1	0.218593	1	1	0	1	1	1	1	0.339586	1	0.217673	1	1	1	1	1	0.405585	1	1	1	1	1	1	1	0.339586	0.339586	1	1	1	1	0.23782	1	1	1	1	1	1	1	1	0.372583	1	1	1	1	1	1	1	1	1	1	1	1	1	1	0.320287	1	1	1	1	1	0.320287	1	1	1	1	0.339586	0.218593	1	1	1	0.217673	1	1	1	1	0.372583	1	1	1	0.372583	1	1	1	1	1	1	1	1	0.405585	1	1	1	1	1	1	1	1	1	0.405585	1	1	1	1	1	1	1	1	1	1	1	1	1	1	0.405585	1	0.372583	0.339586	1	0.372583	1	0.372583	1	1	1	0.405585	0.405585	1	1	1	1	1	0.405585	1	1	1	1	1	1	1	0.35328	1	1	1	1	1	1	1	1	1	1	1	1	1	0.405585	1	0.00120098	1	1	1	1	0.405585	1	1	1	1	1
CP003054.1	1	0.405585	1	1	0.26803	1	0.295981	0.405585	1	1	1	1	0.405585	0.405585	0.339586	0.405585	0.405585	0.405585	0.372583	0.339586	1	1	1	0.405585	1	0.328965	1	1	0.372583	1	1	1	1	1	0	1	0.300994	0.372583	0.405585	0.35328	1	1	0.405585	1	1	0.405585	1	1	0.405585	1	1	1	0.405585	1	0.339586	0.339586	0.405585	0.35328	1	0.372583	0.300994	1	1	0.372583	0.405585	0.157362	1	1	1	1	0.35328	1	0.372583	0.405585	1	0.405585	0.35328	1	1	1	0.35328	0.181421	0.231311	0.300994	0.25242	0.405585	1	0.405585	0.405585	1	1	0.339586	1	0.405585	0.372583	0.405585	1	1	0.372583	0.306598	1	1	1	0.328965	1	0.287309	0.214163	0.405585	1	1	1	1	1	0.291447	1	1	1	0.295981	1	1	1	0.256381	0.35328	1	0.35328	1	1	0.240698	0.372583	1	1	0.291447	0.233808	0.35328	0.295981	0.35328	0.339586	0.372583	1	1	0.405585	0.405585	1	0.405585	0.405585	0.405585	0.405585	0.35328	0.405585	1	0.26546	1	1	1	1	1	0.405585	0.405585	1	1	1	0.320287	1	0.243761	0.312952	1	0.372583	1	1	1	0.405585	0.291447	1	0.405585	1	1	0.405585	1	0.405585	0.405585	1	1	0.328965	1	0.339586	1	0.405585	0.405585	0.328965	1	0.328965	1	1	0.405585	0.372583	0.405585
JQ657806.1	0.372583	1	1	1	1	1	1	1	0.405585	1	1	0.405585	1	1	1	1	1	1	1	1	1	1	1	1	0.405585	0.405585	1	1	1	1	1	1	1	1	1	0	1	1	1	1	1	1	1	0.405585	1	1	1	1	1	1	1	1	1	1	1	1	1	1	1	1	1	0.405585	1	1	1	1	1	1	1	0.405585	1	1	1	1	1	1	1	1	1	1	1	1	1	1	1	1	1	1	1	1	0.405585	1	1	1	1	1	1	0.405585	1	1	1	1	1	1	1	1	1	1	1	1	1	0.405585	1	1	1	1	1	1	1	1	1	1	1	1	1	0.405585	1	1	1	1	1	1	1	1	1	1	1	1	1	1	1	1	1	1	1	1	1	1	1	1	1	1	1	1	1	1	1	1	1	1	1	1	1	1	1	1	1	1	1	1	1	1	1	1	1	1	1	1	1	1	1	0.405585	1	1	1	1	1	1	1	0.35328	1	1	1	1	1	1
CP020812.1	1	0.372583	1	1	1	1	1	1	1	1	0.405585	0.35328	1	1	0.372583	1	1	0.405585	0.300994	1	1	1	1	1	1	1	1	1	1	1	0.306598	1	1	1	0.300994	1	0	0.339586	0.35328	1	0.306598	1	1	1	1	1	1	1	0.372583	1	1	0.35328	0.372583	1	1	1	1	1	0.405585	1	0.147707	1	1	0.405585	1	0.240698	1	1	1	1	1	1	0.372583	1	1	0.372583	1	1	1	0.405585	1	1	1	1	0.35328	0.372583	0.405585	1	1	1	0.35328	1	1	1	1	0.35328	1	1	1	0.250557	1	1	0.35328	0.306598	1	0.405585	0.405585	0.372583	1	0.320287	1	1	1	1	1	1	1	1	1	1	1	0.306598	1	0.372583	1	1	1	1	0.405585	1	1	0.405585	1	1	0.287309	1	0.295981	0.09343	1	1	1	1	1	0.372583	1	0.291447	0.35328	1	1	1	1	1	1	1	1	1	1	0.372583	1	1	1	0.287309	1	1	0.339586	1	1	0.405585	1	1	0.372583	0.405585	1	1	1	1	1	0.35328	1	1	1	1	1	1	0.372583	1	1	1	0.291447	1	1	1	1	1	0.179364	1
CP029333.1	1	0.0120069	0.372583	1	0.405585	1	0.405585	1	1	1	1	0.295981	1	0.372583	1	0.372583	0.405585	1	0.405585	1	1	1	0.35328	0.405585	1	0.372583	1	1	1	1	1	1	1	1	0.372583	1	0.339586	0	1	0.405585	1	1	0.372583	1	1	1	1	1	0.0120252	1	0.221466	0.405585	0.0120252	1	1	1	0.405585	0.372583	1	0.210897	1	1	1	1	0.372583	0.339586	1	1	0.405585	0.198488	0.213325	1	0.213325	0.283502	1	0.0117157	0.372583	0.220489	1	0.372583	0.372583	1	0.339586	0.306598	0.339586	0.0120252	0.372583	0.283502	1	1	0.295981	0.339586	0.283502	0.35328	0.211692	1	1	1	0.203604	0.0847541	1	1	1	0.263022	1	0.250557	1	0.0118881	1	1	0.405585	1	0.405585	0.405585	0.220489	0.372583	1	0.405585	1	1	1	0.339586	0.372583	1	0.312952	1	1	1	0.405585	1	1	0.312952	1	0.372583	0.339586	0.372583	0.283502	0.339586	1	1	1	1	1	1	0.283502	0.405585	1	0.372583	1	1	1	1	0.283502	1	1	1	0.372583	0.0120252	1	1	1	1	1	1	0.339586	1	0.212502	1	1	0.35328	0.0144716	1	0.405585	0.283502	1	1	0.372583	0.405585	1	0.372583	0.283502	1	0.35328	0.287309	0.0525139	1	0.372583	0.372583	0.276697	1	1	1	0.372583	0.372583	0.405585	0.00212669
CP040253.1	1	0.405585	0.405585	0.287309	0.35328	0.339586	0.287309	1	0.320287	0.339586	0.283502	0.0942581	1	0.212502	0.0776207	0.208588	1	1	1	0.276697	1	0.283502	1	0.240698	0.320287	0.320287	0.260703	0.258493	0.291447	1	0.260703	0.372583	0.320287	0.339586	0.405585	1	0.35328	1	0	0.405585	0.260703	0.312952	0.209345	0.320287	1	0.312952	1	1	0.405585	0.339586	1	1	0.405585	1	1	1	1	0.328965	0.129876	1	1	0.320287	1	1	0.208588	1	0.312952	1	0.312952	0.0986654	1	0.312952	1	0.372583	0.312952	0.405585	0.328965	1	1	0.0933131	0.328965	1	1	0.240698	0.291447	0.405585	1	0.372583	1	0.339586	0.0936061	0.405585	1	1	1	0.00125751	0.248764	0.320287	1	0.202271	0.248764	1	1	0.263022	0.339586	1	1	0.405585	0.233808	0.339586	1	0.320287	0.405585	1	1	1	0.263022	0.287309	1	0.258493	0.127747	1	0.320287	1	1	0.320287	0.273629	0.405585	0.35328	0.10976	0.258493	1	1	0.328965	1	0.328965	1	0.339586	1	0.306598	0.306598	1	0.339586	0.339586	1	0.339586	0.00105289	1	0.405585	1	0.372583	0.270747	1	0.339586	0.270747	1	0.208588	0.405585	0.312952	0.339586	1	0.287309	1	0.306598	1	0.312952	1	0.130012	0.339586	1	1	0.168956	0.312952	0.372583	0.258493	1	1	1	0.306598	0.208588	1	0.320287	1	1	1	0.339586	1	0.208588	0.320287	0.291447	1	0.258493	0.210114	0.208588	0.328965	1
AP022580.1	1	0.405585	0.320287	1	0.312952	1	0.405585	1	0.35328	0.405585	0.339586	0.339586	1	0.372583	0.405585	0.372583	1	1	1	1	0.339586	0.35328	0.306598	0.273629	0.35328	1	1	0.372583	1	1	1	0.291447	0.405585	1	0.35328	1	1	0.405585	0.405585	0	1	1	0.372583	0.35328	1	0.405585	1	1	0.405585	0.405585	0.405585	1	0.405585	1	1	1	0.405585	1	1	0.405585	1	0.35328	1	1	0.372583	1	1	1	1	0.339586	1	0.328965	0.405585	1	0.405585	0.405585	1	0.405585	1	0.35328	1	1	0.405585	1	0.372583	0.405585	0.405585	0.405585	1	0.339586	0.35328	1	1	0.10198	1	0.405585	1	0.35328	0.372583	0.405585	1	1	0.339586	1	1	1	1	0.405585	0.372583	0.405585	0.372583	0.35328	1	1	0.405585	0.35328	1	0.405585	1	0.372583	1	1	1	1	0.372583	0.35328	0.279978	1	1	1	0.372583	1	0.405585	1	0.287309	1	1	1	1	0.405585	0.405585	1	1	1	1	1	0.405585	0.372583	1	1	1	0.405585	1	1	0.405585	1	0.372583	0.405585	1	1	1	1	1	1	1	1	0.405585	1	1	0.306598	0.405585	1	1	1	0.372583	0.339586	0.372583	1	0.405585	0.372583	1	0.35328	0.405585	1	0.405585	1	0.372583	0.372583	1	1	1	0.372583	1	0.372583	0.405585	0.405585
AP023365.1	1	1	0.295981	1	0.328965	0.35328	0.35328	1	1	1	1	0.228939	1	0.320287	0.405585	0.320287	1	1	1	0.273629	1	1	1	0.306598	1	1	0.228939	0.405585	0.405585	1	0.00220007	1	1	0.217673	1	1	0.306598	1	0.260703	1	0	1	0.320287	1	1	1	1	1	1	1	1	0.163504	1	1	1	1	1	1	0.35328	1	0.328965	1	1	1	0.320287	1	1	1	1	0.320287	1	1	1	1	1	1	1	1	1	0.372583	1	1	1	1	0.291447	1	1	1	1	0.339586	0.233808	1	1	0.320287	1	0.260703	0.0999463	1	1	1	0.101836	1	0.162376	0.35328	0.35328	1	1	1	0.35328	0.291447	1	1	1	1	1	0.372583	0.283502	0.35328	1	0.405585	1	1	1	1	1	1	1	1	1	1	0.405585	1	1	1	1	1	1	0.328965	1	1	1	1	0.35328	0.312952	1	0.312952	0.260703	1	1	1	0.35328	0.372583	1	1	0.312952	1	0.320287	1	1	0.35328	1	1	1	0.372583	1	1	1	0.35328	0.35328	1	1	1	1	1	0.405585	1	0.291447	0.163504	1	0.320287	1	1	1	1	1	0.217673	1	0.320287	0.372583	1	1	0.405585	1	0.320287	1	1
